//
// Created by tomokimori on 22/09/15.
//
#include "Params.h"

/* 変換の逆行列(rotated->raw)
axis2
 0.018775       -0.999823        -0.001327
-0.003632        0.001259        -0.999993
 0.999817        0.018780        -0.003608

 0.124573        0.558674        0.330740

raw->rotated
 0.018775	-0.003632	0.999817
-0.999823	0.001259	0.018780
-0.001327	-0.999993	-0.003608
-0.330990	0.117636	0.560028

axis3
 rotated->raw
-0.008569        0.001514        0.999962
-0.998949       -0.045040       -0.008492
 0.045025       -0.998984        0.001899

-0.549382      -0.502355        0.199911

 raw->rotated
-0.008569	-0.998949	0.045025
 0.001514	-0.045040	-0.998984
 0.999962	-0.008492	0.001899

-0.515536	0.177914	0.544715
 */

__constant__ float elemR[27] = {1.0, 0.0, 0.0,
                                0.0, 1.0, 0.0,
                                0.0, 0.0, 1.0,

                                0.018775, -0.003632, 0.999817,
                                -0.999823, 0.001259, 0.018780,
                                -0.001327, -0.999993, -0.003608,

                                -0.008569, -0.998949, 0.045025,
                                0.001514, -0.045040, -0.998984,
                                0.999962, -0.008492, 0.001899};

__constant__ float elemT[9] = {0.0, 0.0, 0.0,

                               -0.330990, 0.117636, 0.560028,

                               -0.515536, 0.177914, 0.544715};


__constant__ float basisVector[21] = {1.0f, 0.0f, 0.0f,
                                      0.0f, 1.0f, 0.0f,
                                      0.0f, 0.0f, 1.0f,
                                      0.57735f, 0.57735f, 0.57735f,
                                      -0.57735f, -0.57735f, 0.57735f,
                                      -0.57735, 0.57735, 0.57735f,
                                      0.57735, -0.57735, 0.57735f}; // 1 / sqrt(3.0)